//              Time(s)       P[1](Prismatic:1)(mm) 
               0,00000       517,84600    
               0,02973       521,76700    
               0,05946       533,52500    
               0,08919       552,68300    
               0,11892       573,57000    
               0,14865       594,49100    
               0,17838       615,44600    
               0,20811       636,43300    
               0,23784       657,45200    
               0,26757       678,50100    
               0,29730       699,58100    
               0,32703       720,69000    
               0,35676       741,82700    
               0,38649       762,99200    
               0,41622       784,18400    
               0,44595       805,40200    
               0,47568       826,64600    
               0,50540       847,91500    
               0,53514       869,20752    
               0,56486       890,52400    
               0,59459       911,86400    
               0,62432       933,22600    
               0,65405       954,61000    
               0,68378       976,01600    
               0,71351       997,44200    
               0,74324       1018,89000   
               0,77297       1040,36000   
               0,80270       1061,84000   
               0,83243       1083,35000   
               0,86216       1104,87000   
               0,89189       1126,41000   
               0,92162       1147,97000   
               0,95135       1169,55000   
               0,98108       1191,14000   
               1,01081       1212,12000   
               1,04054       1226,53000   
               1,07027       1232,92000   
               1,10000       1231,26000   
               1,12973       1221,58000   
               1,15946       1203,86000   
               1,18919       1182,27000   
               1,21892       1160,69000   
               1,24865       1139,14000   
               1,27838       1117,59000   
               1,30811       1096,07000   
               1,33784       1074,57000   
               1,36757       1053,08000   
               1,39730       1031,61000   
               1,42703       1010,16000   
               1,45676       988,73600    
               1,48649       967,32900    
               1,51622       945,94300    
               1,54595       924,57900    
               1,57568       903,23700    
               1,60541       881,91700    
               1,63514       860,62100    
               1,66486       839,11400    
               1,69459       815,99000    
               1,72432       791,04400    
               1,75405       765,45400    
               1,78378       739,90900    
               1,81351       714,41200    
               1,84324       688,96700    
               1,87297       663,57700    
               1,90270       638,24600    
               1,93243       612,97900    
               1,96216       587,77700    
               1,99189       562,64700    
               2,02162       539,89093    
               2,05135       524,91400    
               2,08108       517,90500    
               2,11081       518,73114    
               2,14054       527,51355    
               2,17027       543,81800    
               2,20000       561,94220    
               2,22973       580,66100    
               2,25946       599,95900    
               2,28919       619,82200    
               2,31892       640,23500    
               2,34865       661,18500    
               2,37838       682,65700    
               2,40811       704,63800    
               2,43784       727,11400    
               2,46757       750,07300    
               2,49730       773,50200    
               2,52703       797,38855    
               2,55676       821,72100    
               2,58649       846,48700    
               2,61622       871,67600    
               2,64595       897,27600    
               2,67568       923,27900    
               2,70541       949,67200    
               2,73514       976,44700    
               2,76486       1003,59000   
               2,79459       1031,10000   
               2,82432       1058,96000   
               2,85405       1087,17000   
               2,88378       1115,72000   
               2,91351       1145,06000   
               2,94324       1173,79000   
               2,97297       1193,35000   
               3,00270       1202,73000   
               3,03243       1201,87000   
               3,06216       1189,95000   
               3,09189       1166,76000   
               3,12162       1139,05000   
               3,15135       1111,52000   
               3,18108       1084,32000   
               3,21081       1057,45000   
               3,24054       1030,94000   
               3,27027       1004,78000   
               3,30000       978,98200    
               3,32973       953,55900    
               3,35946       928,52000    
               3,38919       903,87262    
               3,41892       879,62793    
               3,44865       855,79600    
               3,47838       832,38800    
               3,50811       809,41300    
               3,53784       786,88500    
               3,56757       764,81366    
               3,59730       743,21200    
               3,62703       722,09100    
               3,65676       701,46400    
               3,68649       681,34300    
               3,71622       661,74300    
               3,74595       642,67500    
               3,77568       624,15300    
               3,80541       606,19200    
               3,83514       588,80400    
               3,86486       572,00600    
               3,89459       555,74500    
               3,92432       539,68800    
               3,95405       527,88900    
               3,98378       522,46900    
               4,01351       522,63000    
               4,04324       528,61400    
               4,07297       542,10400    
               4,10270       561,58700    
               4,13243       581,74700    
               4,16216       602,40100    
               4,19189       623,53302    
               4,22162       644,92400    
               4,25135       666,03100    
               4,28108       686,87200    
               4,31081       707,99300    
               4,34054       729,52900    
               4,37027       751,46700    
               4,40000       773,79500    
               4,42973       796,49900    
               4,45946       819,56800    
               4,48919       842,98900    
               4,51892       866,75100    
               4,54865       890,84300    
               4,57838       915,25200    
               4,60811       939,96900    
               4,63784       964,98230    
               4,66757       990,28100    
               4,69730       1015,86000   
               4,72703       1041,70000   
               4,75676       1067,80000   
               4,78649       1094,14000   
               4,81622       1120,95000   
               4,84595       1149,28000   
               4,87568       1175,76000   
               4,90541       1195,20000   
               4,93514       1206,24000   
               4,96486       1208,79000   
               4,99459       1203,09000   
               5,02432       1190,62000   
               5,05405       1177,75000   
               5,08378       1165,45000   
               5,11351       1153,75000   
               5,14324       1142,64000   
               5,17297       1132,13000   
               5,20270       1122,24000   
               5,23243       1112,64000   
               5,26216       1103,12000   
               5,29189       1093,88000   
               5,32162       1085,31000   
               5,35135       1077,43000   
               5,38108       1070,17000   
               5,41081       1062,67000   
               5,44054       1054,71000   
               5,47027       1046,27000   
               5,50000       1037,36000   
               5,52973       1028,22000   
               5,55946       1019,72000   
               5,58919       1011,94000   
               5,61892       1004,88000   
               5,64865       998,55200    
               5,67838       990,95700    
               5,70811       979,57100    
               5,73784       964,20800    
               5,76757       944,75300    
               5,79730       922,50300    
               5,82703       902,68400    
               5,85676       887,71100    
               5,88649       880,28500    
               5,91622       880,49300    
               5,94595       887,93200    
               5,97568       897,42200    
               6,00541       907,53900    
               6,03514       918,28500    
               6,06486       929,65918    
               6,09459       941,66200    
               6,12432       954,29300    
               6,15405       967,55200    
               6,18378       981,43600    
               6,21351       995,94500    
               6,24324       1011,08000   
               6,27297       1026,83000   
               6,30270       1043,20000   
               6,33243       1060,18000   
               6,36216       1077,78000   
               6,39189       1095,98000   
               6,42162       1114,83000   
               6,45135       1134,77000   
               6,48108       1155,86000   
               6,51081       1177,75000   
               6,54054       1196,75000   
               6,57027       1211,64000   
               6,60000       1222,97000   
               6,62973       1232,82000   
               6,65946       1241,52000   
               6,68919       1249,27000   
               6,71892       1257,47000   
               6,74865       1261,12000   
               6,77838       1259,11000   
               6,80811       1250,27000   
               6,83784       1234,14000   
               6,86757       1210,76000   
               6,89730       1184,62000   
               6,92703       1159,00000   
               6,95676       1133,90000   
               6,98649       1109,35000   
               7,01622       1085,36000   
               7,04595       1061,95000   
               7,07568       1039,13000   
               7,10541       1016,92000   
               7,13514       995,35000    
               7,16487       974,42400    
               7,19459       954,16400    
               7,22432       934,58800    
               7,25405       915,71200    
               7,28378       897,55300    
               7,31351       880,13000    
               7,34324       863,45700    
               7,37297       847,55200    
               7,40270       832,43000    
               7,43243       818,10600    
               7,46216       805,32100    
               7,49189       796,95000    
               7,52162       795,70100    
               7,55135       798,49500    
               7,58108       801,38700    
               7,61081       803,95600    
               7,64054       803,88400    
               7,67027       799,18103    
               7,70000       789,90979    
               7,72973       777,21100    
               7,75946       764,50300    
               7,78919       752,05000    
               7,81892       739,85614    
               7,84865       727,92500    
               7,87838       716,48500    
               7,90811       705,78500    
               7,93784       695,79950    
               7,96757       686,52200    
               7,99730       677,95200    
               8,02703       669,76700    
               8,05676       661,83300    
               8,08649       654,15200    
               8,11622       646,72760    
               8,14595       639,56300    
               8,17568       632,66095    
               8,20541       626,02533    
               8,23514       619,65900    
               8,26486       613,56600    
               8,29459       607,74800    
               8,32432       602,21000    
               8,35405       596,95400    
               8,38378       591,98300    
               8,41351       587,30100    
               8,44324       582,91000    
               8,47297       578,82605    
               8,50270       576,51600    
               8,53243       576,82373    
               8,56216       579,60144    
               8,59189       584,79000    
               8,62162       592,42100    
               8,65135       602,61200    
               8,68108       614,13500    
               8,71081       625,85600    
               8,74054       637,76400    
               8,77027       649,85100    
               8,80000       662,10800    
               8,82973       674,52500    
               8,85946       687,09400    
               8,88919       699,80800    
               8,91892       712,31400    
               8,94865       724,26500    
               8,97838       735,71500    
               9,00811       746,71400    
               9,03784       757,33000    
               9,06757       768,04600    
               9,09730       779,04300    
               9,12703       790,31600    
               9,15676       801,86300    
               9,18649       813,68000    
               9,21622       825,76500    
               9,24595       838,11400    
               9,27568       850,72400    
               9,30541       863,59100    
               9,33514       876,71300    
               9,36487       890,08500    
               9,39459       903,70500    
               9,42432       917,05500    
               9,45405       926,75200    
               9,48378       932,08500    
               9,51351       932,99530    
               9,54324       929,48800    
               9,57297       921,63200    
               9,60270       909,95800    
               9,63243       897,83000    
               9,66216       885,97400    
               9,69189       874,39000    
               9,72162       863,07843    
               9,75135       852,03900    
               9,78108       841,27300    
               9,81081       830,77800    
               9,84054       820,55400    
               9,87027       810,60200    
               9,90000       800,92000    
               9,92973       791,50769    
               9,95946       782,36400    
               9,98919       773,48700    
               10,01890      764,87800    
               10,04860      756,53300    
               10,07840      748,45100    
               10,10810      740,63200    
               10,13780      733,07300    
               10,16760      725,77400    
               10,19730      718,73100    
               10,22700      711,94400    
               10,25680      705,41000    
               10,28650      699,12700    
               10,31620      693,09400    
               10,34590      687,12700    
               10,37570      681,13800    
               10,40540      676,30800    
               10,43510      673,33600    
               10,46490      671,80900    
               10,49460      670,29400    
               10,52430      668,76000    
               10,55410      667,20752    
               10,58380      665,63800    
               10,61350      664,05000    
               10,64320      662,44500    
               10,67300      660,82400    
               10,70270      659,18600    
               10,73240      657,53100    
               10,76220      655,86100    
               10,79190      654,17400    
               10,82160      652,47300    
               10,85140      650,75600    
               10,88110      649,02478    
               10,91081      647,27900    
               10,94054      645,51900    
               10,97027      643,74600    
               11,00000      641,95900    
