//              Time(s)       P[1](Prismatic:5)(mm) 
               0,00000       6,04888      
               0,02973       9,96312      
               0,05946       21,71460     
               0,08919       40,86520     
               0,11892       61,74420     
               0,14865       82,65780     
               0,17838       103,60500    
               0,20811       124,58400    
               0,23784       145,59600    
               0,26757       166,63800    
               0,29730       187,71000    
               0,32703       208,81100    
               0,35676       229,94100    
               0,38649       251,09800    
               0,41622       272,28300    
               0,44595       293,49350    
               0,47568       314,73000    
               0,50540       335,99100    
               0,53514       357,27600    
               0,56486       378,58600    
               0,59459       399,91800    
               0,62432       421,27300    
               0,65405       442,64900    
               0,68378       464,04800    
               0,71351       485,46700    
               0,74324       506,90600    
               0,77297       528,36554    
               0,80270       549,84400    
               0,83243       571,34200    
               0,86216       592,85900    
               0,89189       614,39300    
               0,92162       635,94500    
               0,95135       657,51500    
               0,98108       679,10100    
               1,01081       700,07000    
               1,04054       714,47900    
               1,07027       720,85600    
               1,10000       719,19696    
               1,12973       709,50300    
               1,15946       691,78400    
               1,18919       670,18700    
               1,21892       648,60700    
               1,24865       627,04400    
               1,27838       605,49800    
               1,30811       583,97100    
               1,33784       562,46100    
               1,36757       540,97000    
               1,39730       519,49800    
               1,42703       498,04600    
               1,45676       476,61400    
               1,48649       455,20300    
               1,51622       433,81300    
               1,54595       412,44400    
               1,57568       391,09800    
               1,60541       369,77417    
               1,63514       348,47400    
               1,66486       327,37700    
               1,69459       307,56012    
               1,72432       289,19700    
               1,75405       271,39800    
               1,78378       253,64000    
               1,81351       235,92300    
               1,84324       218,24500    
               1,87297       200,60600    
               1,90270       183,00800    
               1,93243       165,44900    
               1,96216       147,92900    
               1,99189       130,44700    
               2,02162       115,31800    
               2,05135       107,97400    
               2,08108       108,47100    
               2,11081       115,17900    
               2,14054       127,88100    
               2,17027       146,34700    
               2,20000       166,34500    
               2,22973       187,07200    
               2,25946       208,51000    
               2,28919       230,64100    
               2,31892       253,44700    
               2,34865       276,91000    
               2,37838       301,01300    
               2,40811       325,73700    
               2,43784       351,06500    
               2,46757       376,98000    
               2,49730       403,46500    
               2,52703       430,50400    
               2,55676       458,07900    
               2,58649       486,17400    
               2,61622       514,77400    
               2,64595       543,86400    
               2,67568       573,42800    
               2,70541       603,45100    
               2,73514       633,91900    
               2,76486       664,81800    
               2,79459       696,13500    
               2,82432       727,85500    
               2,85405       759,96700    
               2,88378       792,45636    
               2,91351       824,80900    
               2,94324       853,94300    
               2,97297       871,87800    
               3,00270       877,53400    
               3,03243       870,83200    
               3,06216       852,72300    
               3,09189       824,38700    
               3,12162       792,51000    
               3,15135       760,90700    
               3,18108       729,68300    
               3,21081       698,85000    
               3,24054       668,41900    
               3,27027       638,40300    
               3,30000       608,81500    
               3,32973       579,67000    
               3,35946       550,98000    
               3,38919       522,76001    
               3,41892       495,02400    
               3,44865       467,78600    
               3,47838       441,06200    
               3,50811       414,86700    
               3,53784       389,21600    
               3,56757       364,12500    
               3,59730       339,61000    
               3,62703       315,68800    
               3,65676       292,37300    
               3,68649       269,68400    
               3,71622       247,63700    
               3,74595       226,24700    
               3,77568       205,53300    
               3,80541       185,51000    
               3,83514       166,19500    
               3,86486       147,57800    
               3,89459       128,28801    
               3,92432       107,22100    
               3,95405       88,38950     
               3,98378       74,73590     
               4,01351       65,94050     
               4,04324       62,20950     
               4,07297       65,65683     
               4,10270       75,06950     
               4,13243       85,11950     
               4,16216       95,63550     
               4,19189       106,61200    
               4,22162       118,40800    
               4,25135       131,98400    
               4,28108       147,29512    
               4,31081       163,32500    
               4,34054       179,79200    
               4,37027       196,68800    
               4,40000       214,00300    
               4,42973       231,72900    
               4,45946       249,85800    
               4,48919       268,38000    
               4,51892       287,28600    
               4,54865       306,56800    
               4,57838       326,21700    
               4,60811       346,22600    
               4,63784       366,58500    
               4,66757       387,28600    
               4,69730       408,32200    
               4,72703       429,68300    
               4,75676       451,36300    
               4,78649       473,35400    
               4,81622       495,80600    
               4,84595       519,43200    
               4,87568       540,76400    
               4,90541       554,64200    
               4,93514       560,46500    
               4,96486       558,24200    
               4,99459       548,12854    
               5,02432       531,18000    
               5,05405       513,81600    
               5,08378       497,05423    
               5,11351       480,90700    
               5,14324       465,38400    
               5,17297       450,49800    
               5,20270       436,26400    
               5,23243       423,49100    
               5,26216       412,74500    
               5,29189       403,65448    
               5,32162       395,27700    
               5,35135       387,57300    
               5,38108       380,54200    
               5,41081       374,12500    
               5,44054       368,31100    
               5,47027       363,11200    
               5,50000       358,54100    
               5,52973       354,63400    
               5,55946       351,45800    
               5,58919       349,02240    
               5,61892       347,32900    
               5,64865       346,38000    
               5,67838       344,65400    
               5,70811       340,19400    
               5,73784       332,83786    
               5,76757       322,50600    
               5,79730       310,60300    
               5,82703       302,65900    
               5,85676       300,68808    
               5,88649       306,70200    
               5,91622       320,72900    
               5,94595       342,28900    
               5,97568       365,93700    
               6,00541       390,17200    
               6,03514       414,97500    
               6,06486       440,32700    
               6,09459       466,21000    
               6,12432       492,60700    
               6,15405       519,50100    
               6,18378       546,87400    
               6,21351       574,71100    
               6,24324       602,99400    
               6,27297       631,70900    
               6,30270       660,84000    
               6,33243       690,37200    
               6,36216       720,29100    
               6,39189       750,58200    
               6,42162       781,13400    
               6,45135       811,00400    
               6,48108       839,97000    
               6,51081       867,69600    
               6,54054       890,26800    
               6,57027       906,84100    
               6,60000       919,30900    
               6,62973       929,22000    
               6,65946       936,68800    
               6,68919       941,90900    
               6,71892       946,49700    
               6,74865       945,50200    
               6,77838       937,83800    
               6,80811       922,99700    
               6,83784       900,74300    
               6,86757       871,07500    
               6,89730       838,49300    
               6,92703       806,25700    
               6,95676       774,38100    
               6,98649       742,87800    
               7,01622       711,76300    
               7,04595       681,05100    
               7,07568       650,75700    
               7,10541       620,89600    
               7,13514       591,48500    
               7,16487       562,54000    
               7,19459       534,07782    
               7,22432       506,11600    
               7,25405       478,67300    
               7,28378       451,76600    
               7,31351       425,41400    
               7,34324       399,63600    
               7,37297       374,45100    
               7,40270       349,87900    
               7,43243       325,93900    
               7,46216       303,61400    
               7,49189       286,45800    
               7,52162       277,36900    
               7,55135       273,00100    
               7,58108       270,11600    
               7,61081       268,34600    
               7,64054       265,22400    
               7,67027       258,63100    
               7,70000       248,64500    
               7,72973       236,16272    
               7,75946       223,72800    
               7,78919       211,53800    
               7,81892       199,59500    
               7,84865       187,90200    
               7,87838       176,37800    
               7,90811       164,92100    
               7,93784       153,53302    
               7,96757       142,21600    
               7,99730       130,98200    
               8,02703       119,95977    
               8,05676       109,20600    
               8,08649       98,72180     
               8,11622       88,51080     
               8,14595       78,57490     
               8,17568       68,91670     
               8,20541       59,53840     
               8,23514       50,44240     
               8,26486       41,63080     
               8,29459       33,10580     
               8,32432       24,86960     
               8,35405       16,92410     
               8,38378       9,27130      
               8,41351       1,91308      
               8,44324      -5,14876      
               8,47297      -11,90640     
               8,50270      -17,68760     
               8,53243      -22,17750     
               8,56216      -25,49600     
               8,59189      -27,65880     
               8,62162      -28,57724     
               8,65135      -28,05910     
               8,68108      -26,57870     
               8,71081      -24,67680     
               8,74054      -22,35280     
               8,77027      -19,60630     
               8,80000      -16,43700     
               8,82973      -12,84530     
               8,85946      -8,83160      
               8,88919      -4,39678      
               8,91892       0,79538      
               8,94865       7,06393      
               8,97838       14,34000     
               9,00811       22,57910     
               9,03784       31,73860     
               9,06757       41,34914     
               9,09730       51,22610     
               9,12703       61,36700     
               9,15676       71,76970     
               9,18649       82,43170     
               9,21622       93,35050     
               9,24595       104,52400    
               9,27568       115,94900    
               9,30541       127,62300    
               9,33514       139,54500    
               9,36487       151,71106    
               9,39459       164,11900    
               9,42432       176,34000    
               9,45405       185,55600    
               9,48378       191,15000    
               9,51351       193,06700    
               9,54324       191,33200    
               9,57297       186,04500    
               9,60270       177,71100    
               9,63243       169,13000    
               9,66216       160,89900    
               9,69189       153,02100    
               9,72162       145,49700    
               9,75135       138,32900    
               9,78108       131,51700    
               9,81081       125,06400    
               9,84054       118,97000    
               9,87027       113,23500    
               9,90000       107,86000    
               9,92973       102,84600    
               9,95946       98,19140     
               9,98919       93,89750     
               10,01890      89,96320     
               10,04860      86,38810     
               10,07840      83,17120     
               10,10810      80,31150     
               10,13780      77,80760     
               10,16760      75,65820     
               10,19730      73,86140     
               10,22700      72,41530     
               10,25680      71,31780     
               10,28650      70,56650     
               10,31620      70,15890     
               10,34590      70,08370     
               10,37570      70,65699     
               10,40540      72,33477     
               10,43510      74,99190     
               10,46490      78,25679     
               10,49460      81,54020     
               10,52430      84,82920     
               10,55410      88,12300     
               10,58380      91,42100     
               10,61350      94,72250     
               10,64320      98,02668     
               10,67300      101,33300    
               10,70270      104,64000    
               10,73240      107,94900    
               10,76220      111,25700    
               10,79190      114,56400    
               10,82160      117,86982    
               10,85140      121,17300    
               10,88110      124,47400    
               10,91081      127,77200    
               10,94054      131,06500    
               10,97027      134,35300    
               11,00000      137,63600    
